number of matrix elements: 
441
number of rows: 
21
number of cols: 
21
sum of main diag elements: 
4.090914
row sums: 
0.06103496 -1.3913 -0.7257352 0.8062276 0.763586
-0.09889181 0.1930846 0.2827668 -1.875816 -2.804622
3.476694 14.99809 21 14.99809 3.476694
-2.804622 -1.875816 0.2827668 0.1930846 -0.09889181
0.763586
col sums: 
0.06103496 -1.3913 -0.7257352 0.8062276 0.763586
-0.09889181 0.1930846 0.2827668 -1.875816 -2.804622
3.476694 14.99809 21 14.99809 3.476694
-2.804622 -1.875816 0.2827668 0.1930846 -0.09889181
0.763586
